datetime,overflow,cap,load,dist,origen_id,dest_id,origen_tag,len_origen_tag,dest_tag,len_dest_tag,modelo,criterion,degree,total_balance,abs_flux
2011-02-19 15:00:00,0,21.2,0.3379201327586207,1062,10,17,156.12.9.0.1.11.23.28.35.43.51,11,156.12.9.0.1.11.23.28.35.43,10,barabasi,2,2,-43.91708891373594,293.35927576148606
2011-02-19 15:00:00,0,74.0,0.2909474716666667,568,9,15,156.12.9.0.1.11.23.28.35.100.151,11,156.12.9.0.1.11.23.28.35.100,10,barabasi,2,2,-43.91708891373594,293.35927576148606
2011-02-19 15:00:00,0,40.0,0.32305731833333334,214,2,17,156.12.9.0.1.11.23.28.35.43.179,11,156.12.9.0.1.11.23.28.35.43,10,barabasi,2,2,-43.91708891373594,293.35927576148606
2011-02-19 15:00:00,0,21.2,-0.35445214836171973,678,17,5,156.12.9.0.1.11.23.28.35.43,10,156.12.9.0.1.11.23.28.35,9,barabasi,2,2,-43.91708891373594,293.35927576148606
2011-02-19 15:00:00,0,40.0,-0.6841855778072774,416,15,5,156.12.9.0.1.11.23.28.35.100,10,156.12.9.0.1.11.23.28.35,9,barabasi,2,2,-43.91708891373594,293.35927576148606
2011-02-19 15:00:00,0,40.0,-1.0149551666666663,508,17,13,156.12.9.0.1.11.23.28.87.102,10,156.12.9.0.1.11.23.28.87,9,barabasi,2,2,-43.91708891373594,293.35927576148606
2011-02-19 15:00:00,0,40.0,-0.13147613333333333,853,20,13,156.12.9.0.1.11.23.28.87.139,10,156.12.9.0.1.11.23.28.87,9,barabasi,2,2,-43.91708891373594,293.35927576148606
2011-02-19 15:00:00,0,74.0,-0.38153335593220333,856,3,13,156.12.9.0.1.11.23.28.87.163,10,156.12.9.0.1.11.23.28.87,9,barabasi,2,2,-43.91708891373594,293.35927576148606
2011-02-19 15:00:00,0,40.0,0.2518739833333334,658,22,1,156.12.9.0.1.11.23.28.36.178,10,156.12.9.0.1.11.23.28.36,9,barabasi,2,2,-43.91708891373594,293.35927576148606
2011-02-19 15:00:00,0,74.0,0.32305731833333334,659,2,1,156.12.9.0.1.11.23.28.36.190,10,156.12.9.0.1.11.23.28.36,9,barabasi,2,2,-43.91708891373594,293.35927576148606
2011-02-19 15:00:00,0,40.0,-3.0581254246519696,1023,5,23,156.12.9.0.1.11.23.28.35,9,156.12.9.0.1.11.23.28,8,barabasi,2,2,-43.91708891373594,293.35927576148606
2011-02-19 15:00:00,0,74.0,0.7829277902130893,846,1,23,156.12.9.0.1.11.23.28.36,9,156.12.9.0.1.11.23.28,8,barabasi,2,2,-43.91708891373594,293.35927576148606
2011-02-19 15:00:00,0,40.0,-1.0149551666666663,33,17,18,156.12.9.0.1.18.31.37.45,9,156.12.9.0.1.18.31.37,8,barabasi,2,2,-43.91708891373594,293.35927576148606
2011-02-19 15:00:00,0,21.2,0.16587527586206893,662,6,2,156.12.9.0.1.11.23.39.48,9,156.12.9.0.1.11.23.39,8,barabasi,2,2,-43.91708891373594,293.35927576148606
2011-02-19 15:00:00,0,21.2,-1.2402655858679892,690,13,23,156.12.9.0.1.11.23.28.87,9,156.12.9.0.1.11.23.28,8,barabasi,2,2,-43.91708891373594,293.35927576148606
2011-02-19 15:00:00,0,40.0,-0.31591264999999996,857,8,4,156.12.9.0.3.24.30.77.113,9,156.12.9.0.3.24.30.77,8,barabasi,2,2,-43.91708891373594,293.35927576148606
2011-02-19 15:00:00,0,74.0,-0.09762346428571414,331,11,2,156.12.9.0.1.11.23.39.122,9,156.12.9.0.1.11.23.39,8,barabasi,2,2,-43.91708891373594,293.35927576148606
2011-02-19 15:00:00,0,21.2,0.32305731833333334,356,2,2,156.12.9.0.1.11.23.39.125,9,156.12.9.0.1.11.23.39,8,barabasi,2,2,-43.91708891373594,293.35927576148606
2011-02-19 15:00:00,0,21.2,-0.09762346428571414,407,11,2,156.12.9.0.3.24.30.119.160,9,156.12.9.0.3.24.30.119,8,barabasi,2,2,-43.91708891373594,293.35927576148606
2011-02-19 15:00:00,0,40.0,0.38393469166666666,174,7,2,156.12.9.0.3.24.30.119.171,9,156.12.9.0.3.24.30.119,8,barabasi,2,2,-43.91708891373594,293.35927576148606
2011-02-19 15:00:00,0,21.2,0.28856312881355933,734,13,2,156.12.9.0.1.11.23.39.191,9,156.12.9.0.1.11.23.39,8,barabasi,2,2,-43.91708891373594,293.35927576148606
2011-02-19 15:00:00,0,40.0,-3.937159224735722,691,23,18,156.12.9.0.1.11.23.28,8,156.12.9.0.1.11.23,7,barabasi,2,2,-43.91708891373594,293.35927576148606
2011-02-19 15:00:00,0,40.0,0.28856312881355933,897,13,18,156.12.9.0.1.11.23.32,8,156.12.9.0.1.11.23,7,barabasi,2,2,-43.91708891373594,293.35927576148606
2011-02-19 15:00:00,0,40.0,0.28856312881355933,678,13,18,156.12.9.0.1.11.23.33,8,156.12.9.0.1.11.23,7,barabasi,2,2,-43.91708891373594,293.35927576148606
2011-02-19 15:00:00,0,74.0,-0.714761345642893,820,18,10,156.12.9.0.1.18.31.37,8,156.12.9.0.1.18.31,7,barabasi,2,2,-43.91708891373594,293.35927576148606
2011-02-19 15:00:00,0,40.0,1.0025040944174797,333,2,18,156.12.9.0.1.11.23.39,8,156.12.9.0.1.11.23,7,barabasi,2,2,-43.91708891373594,293.35927576148606
2011-02-19 15:00:00,0,74.0,0.21005283050847465,781,16,18,156.12.9.0.1.11.23.49,8,156.12.9.0.1.11.23,7,barabasi,2,2,-43.91708891373594,293.35927576148606
2011-02-19 15:00:00,0,40.0,0.03299447870216604,72,4,12,156.12.9.0.3.24.30.77,8,156.12.9.0.3.24.30,7,barabasi,2,2,-43.91708891373594,293.35927576148606
2011-02-19 15:00:00,0,74.0,-1.0149551666666663,782,17,18,156.12.9.0.1.11.23.85,8,156.12.9.0.1.11.23,7,barabasi,2,2,-43.91708891373594,293.35927576148606
2011-02-19 15:00:00,0,74.0,0.16587527586206893,154,6,12,156.12.9.0.3.24.30.86,8,156.12.9.0.3.24.30,7,barabasi,2,2,-43.91708891373594,293.35927576148606
2011-02-19 15:00:00,0,40.0,-0.09762346428571414,595,11,12,156.12.9.0.3.24.30.93,8,156.12.9.0.3.24.30,7,barabasi,2,2,-43.91708891373594,293.35927576148606
2011-02-19 15:00:00,0,40.0,-1.0149551666666663,497,17,1,156.12.9.0.3.24.84.96,8,156.12.9.0.3.24.84,7,barabasi,2,2,-43.91708891373594,293.35927576148606
2011-02-19 15:00:00,0,21.2,0.28856312881355933,771,13,1,156.12.9.0.3.24.84.106,8,156.12.9.0.3.24.84,7,barabasi,2,2,-43.91708891373594,293.35927576148606
2011-02-19 15:00:00,0,40.0,0.6093163210503479,720,2,12,156.12.9.0.3.24.30.119,8,156.12.9.0.3.24.30,7,barabasi,2,2,-43.91708891373594,293.35927576148606
2011-02-19 15:00:00,0,74.0,0.30024433333333334,932,18,12,156.12.9.0.1.18.141.144,8,156.12.9.0.1.18.141,7,barabasi,2,2,-43.91708891373594,293.35927576148606
2011-02-19 15:00:00,0,40.0,-1.0149551666666663,265,17,18,156.12.9.0.1.11.23.152,8,156.12.9.0.1.11.23,7,barabasi,2,2,-43.91708891373594,293.35927576148606
2011-02-19 15:00:00,0,40.0,0.38393469166666666,741,7,2,156.12.9.0.13.50.120.162,8,156.12.9.0.13.50.120,7,barabasi,2,2,-43.91708891373594,293.35927576148606
2011-02-19 15:00:00,0,40.0,-0.4033494000000001,886,23,15,156.12.9.0.13.50.117.169,8,156.12.9.0.13.50.117,7,barabasi,2,2,-43.91708891373594,293.35927576148606
2011-02-19 15:00:00,0,74.0,-1.8320475593220344,698,12,6,156.12.9.0.1.60.74.172,8,156.12.9.0.1.60.74,7,barabasi,2,2,-43.91708891373594,293.35927576148606
2011-02-19 15:00:00,0,40.0,0.32305731833333334,592,2,16,156.12.9.0.3.97.103.176,8,156.12.9.0.3.97.103,7,barabasi,2,2,-43.91708891373594,293.35927576148606
2011-02-19 15:00:00,0,74.0,-0.06434765000000005,234,14,14,156.12.9.0.3.17.166.185,8,156.12.9.0.3.17.166,7,barabasi,2,2,-43.91708891373594,293.35927576148606
2011-02-19 15:00:00,0,40.0,0.2080941533333333,86,1,5,156.12.9.0.3.24.59.186,8,156.12.9.0.3.24.59,7,barabasi,2,2,-43.91708891373594,293.35927576148606
2011-02-19 15:00:00,0,40.0,0.3379201327586207,647,10,12,156.12.9.0.3.24.30.193,8,156.12.9.0.3.24.30,7,barabasi,2,2,-43.91708891373594,293.35927576148606
2011-02-19 15:00:00,0,21.2,0.16587527586206893,206,6,3,156.12.9.0.3.4.14,7,156.12.9.0.3.4,6,barabasi,2,2,-43.91708891373594,293.35927576148606
2011-02-19 15:00:00,0,74.0,-3.8945910841074536,714,18,12,156.12.9.0.1.11.23,7,156.12.9.0.1.11,6,barabasi,2,2,-43.91708891373594,293.35927576148606
2011-02-19 15:00:00,0,21.2,-0.7840825314155283,665,12,2,156.12.9.0.3.24.30,7,156.12.9.0.3.24,6,barabasi,2,2,-43.91708891373594,293.35927576148606
2011-02-19 15:00:00,0,40.0,-0.37705828290019133,785,10,1,156.12.9.0.1.18.31,7,156.12.9.0.1.18,6,barabasi,2,2,-43.91708891373594,293.35927576148606
2011-02-19 15:00:00,0,74.0,-1.8320475593220344,211,12,3,156.12.9.0.3.4.40,7,156.12.9.0.3.4,6,barabasi,2,2,-43.91708891373594,293.35927576148606
2011-02-19 15:00:00,0,21.2,0.30024433333333334,354,18,11,156.12.9.0.3.27.52,7,156.12.9.0.3.27,6,barabasi,2,2,-43.91708891373594,293.35927576148606
2011-02-19 15:00:00,0,74.0,0.3490342166666667,531,4,11,156.12.9.0.6.34.57,7,156.12.9.0.6.34,6,barabasi,2,2,-43.91708891373594,293.35927576148606
2011-02-19 15:00:00,0,74.0,-1.8107997870465062,539,5,2,156.12.9.0.3.24.59,7,156.12.9.0.3.24,6,barabasi,2,2,-43.91708891373594,293.35927576148606
2011-02-19 15:00:00,0,74.0,-0.23860306666666667,489,19,18,156.12.9.0.3.15.62,7,156.12.9.0.3.15,6,barabasi,2,2,-43.91708891373594,293.35927576148606
2011-02-19 15:00:00,0,21.2,-0.4033494000000001,60,23,18,156.12.9.0.3.15.63,7,156.12.9.0.3.15,6,barabasi,2,2,-43.91708891373594,293.35927576148606
2011-02-19 15:00:00,0,21.2,-2.0188884067796606,355,5,6,156.12.9.0.1.60.65,7,156.12.9.0.1.60,6,barabasi,2,2,-43.91708891373594,293.35927576148606
2011-02-19 15:00:00,0,74.0,0.3379201327586207,259,10,1,156.12.9.0.3.56.67,7,156.12.9.0.3.56,6,barabasi,2,2,-43.91708891373594,293.35927576148606
2011-02-19 15:00:00,0,40.0,0.2909474716666667,66,9,2,156.12.9.0.3.24.72,7,156.12.9.0.3.24,6,barabasi,2,2,-43.91708891373594,293.35927576148606
2011-02-19 15:00:00,0,40.0,-1.6673862110440179,686,6,6,156.12.9.0.1.60.74,7,156.12.9.0.1.60,6,barabasi,2,2,-43.91708891373594,293.35927576148606
2011-02-19 15:00:00,0,74.0,-1.8320475593220344,579,12,18,156.12.9.0.1.8.81,7,156.12.9.0.1.8,6,barabasi,2,2,-43.91708891373594,293.35927576148606
2011-02-19 15:00:00,0,40.0,-2.0188884067796606,443,5,11,156.12.9.0.3.27.83,7,156.12.9.0.3.27,6,barabasi,2,2,-43.91708891373594,293.35927576148606
2011-02-19 15:00:00,0,21.2,-0.5192922259699362,511,1,2,156.12.9.0.3.24.84,7,156.12.9.0.3.24,6,barabasi,2,2,-43.91708891373594,293.35927576148606
2011-02-19 15:00:00,0,74.0,-0.31591264999999996,476,8,17,156.12.9.0.3.46.88,7,156.12.9.0.3.46,6,barabasi,2,2,-43.91708891373594,293.35927576148606
2011-02-19 15:00:00,0,74.0,0.28856312881355933,773,13,11,156.12.9.0.6.34.91,7,156.12.9.0.6.34,6,barabasi,2,2,-43.91708891373594,293.35927576148606
2011-02-19 15:00:00,0,74.0,-0.9751081355932204,714,15,18,156.12.9.0.13.50.94,7,156.12.9.0.13.50,6,barabasi,2,2,-43.91708891373594,293.35927576148606
2011-02-19 15:00:00,0,21.2,0.16587527586206893,620,6,17,156.12.9.0.3.46.101,7,156.12.9.0.3.46,6,barabasi,2,2,-43.91708891373594,293.35927576148606
2011-02-19 15:00:00,0,74.0,0.5330183429734144,381,16,11,156.12.9.0.3.97.103,7,156.12.9.0.3.97,6,barabasi,2,2,-43.91708891373594,293.35927576148606
2011-02-19 15:00:00,0,74.0,0.2518739833333334,740,22,1,156.12.9.0.3.56.109,7,156.12.9.0.3.56,6,barabasi,2,2,-43.91708891373594,293.35927576148606
2011-02-19 15:00:00,0,21.2,0.3379201327586207,209,10,15,156.12.9.0.3.69.111,7,156.12.9.0.3.69,6,barabasi,2,2,-43.91708891373594,293.35927576148606
2011-02-19 15:00:00,0,21.2,-0.38153335593220333,627,3,5,156.12.9.0.2.58.112,7,156.12.9.0.2.58,6,barabasi,2,2,-43.91708891373594,293.35927576148606
2011-02-19 15:00:00,0,74.0,-1.3786717191474875,565,15,18,156.12.9.0.13.50.117,7,156.12.9.0.13.50,6,barabasi,2,2,-43.91708891373594,293.35927576148606
2011-02-19 15:00:00,0,74.0,0.706829708516771,487,2,18,156.12.9.0.13.50.120,7,156.12.9.0.13.50,6,barabasi,2,2,-43.91708891373594,293.35927576148606
2011-02-19 15:00:00,0,74.0,-0.23860306666666667,314,19,18,156.12.9.0.3.15.121,7,156.12.9.0.3.15,6,barabasi,2,2,-43.91708891373594,293.35927576148606
2011-02-19 15:00:00,0,40.0,0.2518739833333334,384,22,5,156.12.9.0.2.58.124,7,156.12.9.0.2.58,6,barabasi,2,2,-43.91708891373594,293.35927576148606
2011-02-19 15:00:00,0,40.0,-0.38153335593220333,299,3,6,156.12.9.0.3.89.129,7,156.12.9.0.3.89,6,barabasi,2,2,-43.91708891373594,293.35927576148606
2011-02-19 15:00:00,0,40.0,0.30024433333333334,309,18,1,156.12.9.0.1.18.130,7,156.12.9.0.1.18,6,barabasi,2,2,-43.91708891373594,293.35927576148606
2011-02-19 15:00:00,0,21.2,0.2080941533333333,489,1,10,156.12.9.0.3.17.134,7,156.12.9.0.3.17,6,barabasi,2,2,-43.91708891373594,293.35927576148606
2011-02-19 15:00:00,0,40.0,-0.23860306666666667,276,19,16,156.12.9.0.1.131.135,7,156.12.9.0.1.131,6,barabasi,2,2,-43.91708891373594,293.35927576148606
2011-02-19 15:00:00,0,74.0,-0.38153335593220333,471,3,6,156.12.9.0.3.89.136,7,156.12.9.0.3.89,6,barabasi,2,2,-43.91708891373594,293.35927576148606
2011-02-19 15:00:00,0,74.0,0.3379201327586207,269,10,10,156.12.9.0.3.54.140,7,156.12.9.0.3.54,6,barabasi,2,2,-43.91708891373594,293.35927576148606
2011-02-19 15:00:00,0,21.2,-1.5318467600737606,119,12,1,156.12.9.0.1.18.141,7,156.12.9.0.1.18,6,barabasi,2,2,-43.91708891373594,293.35927576148606
2011-02-19 15:00:00,0,40.0,0.16587527586206893,371,6,19,156.12.9.0.41.99.143,7,156.12.9.0.41.99,6,barabasi,2,2,-43.91708891373594,293.35927576148606
2011-02-19 15:00:00,0,21.2,-1.0149551666666663,471,17,6,156.12.9.0.1.60.146,7,156.12.9.0.1.60,6,barabasi,2,2,-43.91708891373594,293.35927576148606
2011-02-19 15:00:00,0,40.0,-0.13147613333333333,772,20,6,156.12.9.0.1.60.147,7,156.12.9.0.1.60,6,barabasi,2,2,-43.91708891373594,293.35927576148606
2011-02-19 15:00:00,0,21.2,0.38393469166666666,679,7,6,156.12.9.0.3.89.149,7,156.12.9.0.3.89,6,barabasi,2,2,-43.91708891373594,293.35927576148606
2011-02-19 15:00:00,0,40.0,0.2005346666666667,542,21,11,156.12.9.0.3.27.157,7,156.12.9.0.3.27,6,barabasi,2,2,-43.91708891373594,293.35927576148606
2011-02-19 15:00:00,0,40.0,0.3490342166666667,162,4,2,156.12.9.0.3.24.159,7,156.12.9.0.3.24,6,barabasi,2,2,-43.91708891373594,293.35927576148606
2011-02-19 15:00:00,0,21.2,-0.06434765000000005,894,14,15,156.12.9.0.3.69.161,7,156.12.9.0.3.69,6,barabasi,2,2,-43.91708891373594,293.35927576148606
2011-02-19 15:00:00,0,74.0,-0.12869580204784764,501,14,10,156.12.9.0.3.17.166,7,156.12.9.0.3.17,6,barabasi,2,2,-43.91708891373594,293.35927576148606
2011-02-19 15:00:00,0,74.0,0.21005283050847465,577,16,2,156.12.9.0.3.24.167,7,156.12.9.0.3.24,6,barabasi,2,2,-43.91708891373594,293.35927576148606
2011-02-19 15:00:00,0,40.0,0.3490342166666667,426,4,19,156.12.9.22.38.108.168,7,156.12.9.22.38.108,6,barabasi,2,2,-43.91708891373594,293.35927576148606
2011-02-19 15:00:00,0,21.2,-0.38153335593220333,509,3,6,156.12.9.0.1.60.173,7,156.12.9.0.1.60,6,barabasi,2,2,-43.91708891373594,293.35927576148606
2011-02-19 15:00:00,0,21.2,-0.9751081355932204,767,15,2,156.12.9.0.3.24.182,7,156.12.9.0.3.24,6,barabasi,2,2,-43.91708891373594,293.35927576148606
2011-02-19 15:00:00,0,40.0,-0.4033494000000001,680,23,15,156.12.9.0.3.69.184,7,156.12.9.0.3.69,6,barabasi,2,2,-43.91708891373594,293.35927576148606
2011-02-19 15:00:00,0,40.0,0.2005346666666667,594,21,16,156.12.9.0.6.98.187,7,156.12.9.0.6.98,6,barabasi,2,2,-43.91708891373594,293.35927576148606
2011-02-19 15:00:00,0,21.2,-0.23860306666666667,359,19,17,156.12.9.0.3.46.188,7,156.12.9.0.3.46,6,barabasi,2,2,-43.91708891373594,293.35927576148606
2011-02-19 15:00:00,0,40.0,0.28856312881355933,712,13,15,156.12.9.0.41.154.189,7,156.12.9.0.41.154,6,barabasi,2,2,-43.91708891373594,293.35927576148606
2011-02-19 15:00:00,0,21.2,0.3490342166666667,947,4,1,156.12.9.0.1.18.192,7,156.12.9.0.1.18,6,barabasi,2,2,-43.91708891373594,293.35927576148606
2011-02-19 15:00:00,0,74.0,0.3490342166666667,1035,4,18,156.12.9.0.3.15.194,7,156.12.9.0.3.15,6,barabasi,2,2,-43.91708891373594,293.35927576148606
2011-02-19 15:00:00,0,74.0,-0.13147613333333333,587,20,15,156.12.9.0.3.69.196,7,156.12.9.0.3.69,6,barabasi,2,2,-43.91708891373594,293.35927576148606
2011-02-19 15:00:00,0,40.0,0.2080941533333333,558,1,17,156.12.9.0.13.16.197,7,156.12.9.0.13.16,6,barabasi,2,2,-43.91708891373594,293.35927576148606
2011-02-19 15:00:00,0,74.0,-1.0149551666666663,1251,17,12,156.12.9.0.115.158.199,7,156.12.9.0.115.158,6,barabasi,2,2,-43.91708891373594,293.35927576148606
2011-02-19 15:00:00,0,40.0,-2.0480932236431575,560,3,15,156.12.9.0.3.4,6,156.12.9.0.3,5,barabasi,2,2,-43.91708891373594,293.35927576148606
2011-02-19 15:00:00,0,74.0,0.38393469166666666,311,7,15,156.12.9.0.3.5,6,156.12.9.0.3,5,barabasi,2,2,-43.91708891373594,293.35927576148606
2011-02-19 15:00:00,0,21.2,0.38393469166666666,205,7,8,156.12.9.0.2.7,6,156.12.9.0.2,5,barabasi,2,2,-43.91708891373594,293.35927576148606
2011-02-19 15:00:00,0,74.0,-1.532810194572034,588,18,21,156.12.9.0.1.8,6,156.12.9.0.1,5,barabasi,2,2,-43.91708891373594,293.35927576148606
2011-02-19 15:00:00,0,74.0,-5.73225023187724,809,12,21,156.12.9.0.1.11,6,156.12.9.0.1,5,barabasi,2,2,-43.91708891373594,293.35927576148606
2011-02-19 15:00:00,0,74.0,-0.23140152314986207,431,18,15,156.12.9.0.3.15,6,156.12.9.0.3,5,barabasi,2,2,-43.91708891373594,293.35927576148606
2011-02-19 15:00:00,0,21.2,-0.8068969173903081,33,17,17,156.12.9.0.13.16,6,156.12.9.0.13,5,barabasi,2,2,-43.91708891373594,293.35927576148606
2011-02-19 15:00:00,0,21.2,0.4172371372055723,346,10,15,156.12.9.0.3.17,6,156.12.9.0.3,5,barabasi,2,2,-43.91708891373594,293.35927576148606
2011-02-19 15:00:00,0,40.0,-1.053175366296998,802,1,21,156.12.9.0.1.18,6,156.12.9.0.1,5,barabasi,2,2,-43.91708891373594,293.35927576148606
2011-02-19 15:00:00,0,74.0,-0.23860306666666667,503,19,21,156.12.9.0.1.19,6,156.12.9.0.1,5,barabasi,2,2,-43.91708891373594,293.35927576148606
2011-02-19 15:00:00,0,21.2,0.2005346666666667,262,21,15,156.12.9.0.3.20,6,156.12.9.0.3,5,barabasi,2,2,-43.91708891373594,293.35927576148606
2011-02-19 15:00:00,0,21.2,-2.9217999517832984,347,2,15,156.12.9.0.3.24,6,156.12.9.0.3,5,barabasi,2,2,-43.91708891373594,293.35927576148606
2011-02-19 15:00:00,0,74.0,0.32305731833333334,206,2,15,156.12.9.0.3.25,6,156.12.9.0.3,5,barabasi,2,2,-43.91708891373594,293.35927576148606
2011-02-19 15:00:00,0,74.0,0.32305731833333334,753,2,22,156.12.9.0.6.26,6,156.12.9.0.6,5,barabasi,2,2,-43.91708891373594,293.35927576148606
2011-02-19 15:00:00,0,74.0,-1.6185643539647525,325,11,15,156.12.9.0.3.27,6,156.12.9.0.3,5,barabasi,2,2,-43.91708891373594,293.35927576148606
2011-02-19 15:00:00,0,21.2,0.2518739833333334,537,22,22,156.12.9.0.6.29,6,156.12.9.0.6,5,barabasi,2,2,-43.91708891373594,293.35927576148606
2011-02-19 15:00:00,0,40.0,0.5399070096937273,257,11,22,156.12.9.0.6.34,6,156.12.9.0.6,5,barabasi,2,2,-43.91708891373594,293.35927576148606
2011-02-19 15:00:00,0,74.0,0.30024433333333334,301,18,17,156.12.9.0.13.42,6,156.12.9.0.13,5,barabasi,2,2,-43.91708891373594,293.35927576148606
2011-02-19 15:00:00,0,21.2,-0.06434765000000005,615,14,22,156.12.9.0.6.44,6,156.12.9.0.6,5,barabasi,2,2,-43.91708891373594,293.35927576148606
2011-02-19 15:00:00,0,21.2,-1.4037566590521793,256,17,15,156.12.9.0.3.46,6,156.12.9.0.3,5,barabasi,2,2,-43.91708891373594,293.35927576148606
2011-02-19 15:00:00,0,21.2,0.30024433333333334,527,18,22,156.12.9.0.6.47,6,156.12.9.0.6,5,barabasi,2,2,-43.91708891373594,293.35927576148606
2011-02-19 15:00:00,0,40.0,-1.3477401232789052,324,18,17,156.12.9.0.13.50,6,156.12.9.0.13,5,barabasi,2,2,-43.91708891373594,293.35927576148606
2011-02-19 15:00:00,0,40.0,-0.09762346428571414,707,11,15,156.12.9.0.3.53,6,156.12.9.0.3,5,barabasi,2,2,-43.91708891373594,293.35927576148606
2011-02-19 15:00:00,0,21.2,0.6758243491377858,179,10,15,156.12.9.0.3.54,6,156.12.9.0.3,5,barabasi,2,2,-43.91708891373594,293.35927576148606
2011-02-19 15:00:00,0,40.0,0.3490342166666667,237,4,17,156.12.9.0.13.55,6,156.12.9.0.13,5,barabasi,2,2,-43.91708891373594,293.35927576148606
2011-02-19 15:00:00,0,40.0,0.7978486192084291,229,1,15,156.12.9.0.3.56,6,156.12.9.0.3,5,barabasi,2,2,-43.91708891373594,293.35927576148606
2011-02-19 15:00:00,0,74.0,-2.1489160715158224,709,5,8,156.12.9.0.2.58,6,156.12.9.0.2,5,barabasi,2,2,-43.91708891373594,293.35927576148606
2011-02-19 15:00:00,0,74.0,-5.058517524240388,506,6,21,156.12.9.0.1.60,6,156.12.9.0.1,5,barabasi,2,2,-43.91708891373594,293.35927576148606
2011-02-19 15:00:00,0,74.0,0.30024433333333334,528,18,17,156.12.9.0.13.61,6,156.12.9.0.13,5,barabasi,2,2,-43.91708891373594,293.35927576148606
2011-02-19 15:00:00,0,21.2,-0.23860306666666667,614,19,1,156.12.9.0.41.64,6,156.12.9.0.41,5,barabasi,2,2,-43.91708891373594,293.35927576148606
2011-02-19 15:00:00,0,21.2,0.30024433333333334,254,18,15,156.12.9.0.3.66,6,156.12.9.0.3,5,barabasi,2,2,-43.91708891373594,293.35927576148606
2011-02-19 15:00:00,0,40.0,-1.2366311339981748,408,15,15,156.12.9.0.3.69,6,156.12.9.0.3,5,barabasi,2,2,-43.91708891373594,293.35927576148606
2011-02-19 15:00:00,0,74.0,0.2909474716666667,274,9,15,156.12.9.0.3.70,6,156.12.9.0.3,5,barabasi,2,2,-43.91708891373594,293.35927576148606
2011-02-19 15:00:00,0,21.2,-0.06434765000000005,771,14,22,156.12.9.0.6.73,6,156.12.9.0.6,5,barabasi,2,2,-43.91708891373594,293.35927576148606
2011-02-19 15:00:00,0,40.0,-1.8320475593220344,332,12,15,156.12.9.0.3.75,6,156.12.9.0.3,5,barabasi,2,2,-43.91708891373594,293.35927576148606
2011-02-19 15:00:00,0,74.0,-0.31591264999999996,455,8,15,156.12.9.0.3.76,6,156.12.9.0.3,5,barabasi,2,2,-43.91708891373594,293.35927576148606
2011-02-19 15:00:00,0,74.0,-0.38153335593220333,312,3,22,156.12.9.0.6.78,6,156.12.9.0.6,5,barabasi,2,2,-43.91708891373594,293.35927576148606
2011-02-19 15:00:00,0,74.0,0.32305731833333334,190,2,22,156.12.9.0.6.79,6,156.12.9.0.6,5,barabasi,2,2,-43.91708891373594,293.35927576148606
2011-02-19 15:00:00,0,74.0,0.32305731833333334,813,2,1,156.12.9.0.41.80,6,156.12.9.0.41,5,barabasi,2,2,-43.91708891373594,293.35927576148606
2011-02-19 15:00:00,0,74.0,-0.23860306666666667,242,19,21,156.12.9.0.1.82,6,156.12.9.0.1,5,barabasi,2,2,-43.91708891373594,293.35927576148606
2011-02-19 15:00:00,0,40.0,-0.21372112129078352,520,6,15,156.12.9.0.3.89,6,156.12.9.0.3,5,barabasi,2,2,-43.91708891373594,293.35927576148606
2011-02-19 15:00:00,0,74.0,0.30024433333333334,685,18,21,156.12.9.0.1.90,6,156.12.9.0.1,5,barabasi,2,2,-43.91708891373594,293.35927576148606
2011-02-19 15:00:00,0,21.2,-0.31591264999999996,832,8,9,156.12.9.0.21.92,6,156.12.9.0.21,5,barabasi,2,2,-43.91708891373594,293.35927576148606
2011-02-19 15:00:00,0,40.0,0.2080941533333333,572,1,22,156.12.9.0.6.95,6,156.12.9.0.6,5,barabasi,2,2,-43.91708891373594,293.35927576148606
2011-02-19 15:00:00,0,74.0,0.43533879027424804,62,11,15,156.12.9.0.3.97,6,156.12.9.0.3,5,barabasi,2,2,-43.91708891373594,293.35927576148606
2011-02-19 15:00:00,0,21.2,0.4105520031759815,212,16,22,156.12.9.0.6.98,6,156.12.9.0.6,5,barabasi,2,2,-43.91708891373594,293.35927576148606
2011-02-19 15:00:00,0,40.0,-0.07274295875132564,370,19,1,156.12.9.0.41.99,6,156.12.9.0.41,5,barabasi,2,2,-43.91708891373594,293.35927576148606
2011-02-19 15:00:00,0,21.2,-0.23860306666666667,381,19,17,156.12.9.0.13.104,6,156.12.9.0.13,5,barabasi,2,2,-43.91708891373594,293.35927576148606
2011-02-19 15:00:00,0,40.0,-1.8320475593220344,406,12,15,156.12.9.0.3.105,6,156.12.9.0.3,5,barabasi,2,2,-43.91708891373594,293.35927576148606
2011-02-19 15:00:00,0,40.0,-2.0188884067796606,404,5,21,156.12.9.0.1.107,6,156.12.9.0.1,5,barabasi,2,2,-43.91708891373594,293.35927576148606
2011-02-19 15:00:00,0,40.0,0.11035403565468407,295,19,10,156.12.9.22.38.108,6,156.12.9.22.38,5,barabasi,2,2,-43.91708891373594,293.35927576148606
2011-02-19 15:00:00,0,21.2,-0.4033494000000001,635,23,17,156.12.9.0.13.110,6,156.12.9.0.13,5,barabasi,2,2,-43.91708891373594,293.35927576148606
2011-02-19 15:00:00,0,74.0,0.28856312881355933,100,13,15,156.12.9.0.3.114,6,156.12.9.0.3,5,barabasi,2,2,-43.91708891373594,293.35927576148606
2011-02-19 15:00:00,0,40.0,-0.23860306666666667,559,19,1,156.12.9.0.41.116,6,156.12.9.0.41,5,barabasi,2,2,-43.91708891373594,293.35927576148606
2011-02-19 15:00:00,0,21.2,0.2080941533333333,961,1,9,156.12.9.0.21.118,6,156.12.9.0.21,5,barabasi,2,2,-43.91708891373594,293.35927576148606
2011-02-19 15:00:00,0,21.2,0.2005346666666667,535,21,15,156.12.9.0.3.123,6,156.12.9.0.3,5,barabasi,2,2,-43.91708891373594,293.35927576148606
2011-02-19 15:00:00,0,21.2,-0.09762346428571414,477,11,22,156.12.9.0.6.126,6,156.12.9.0.6,5,barabasi,2,2,-43.91708891373594,293.35927576148606
2011-02-19 15:00:00,0,74.0,0.28856312881355933,858,13,22,156.12.9.0.6.127,6,156.12.9.0.6,5,barabasi,2,2,-43.91708891373594,293.35927576148606
2011-02-19 15:00:00,0,40.0,-0.06434765000000005,445,14,3,156.12.9.0.115.128,6,156.12.9.0.115,5,barabasi,2,2,-43.91708891373594,293.35927576148606
2011-02-19 15:00:00,0,74.0,-0.028573584212414516,836,16,21,156.12.9.0.1.131,6,156.12.9.0.1,5,barabasi,2,2,-43.91708891373594,293.35927576148606
2011-02-19 15:00:00,0,21.2,-0.13147613333333333,846,20,1,156.12.9.0.41.132,6,156.12.9.0.41,5,barabasi,2,2,-43.91708891373594,293.35927576148606
2011-02-19 15:00:00,0,40.0,-0.9751081355932204,262,15,15,156.12.9.0.3.133,6,156.12.9.0.3,5,barabasi,2,2,-43.91708891373594,293.35927576148606
2011-02-19 15:00:00,0,21.2,0.21005283050847465,323,16,15,156.12.9.0.3.137,6,156.12.9.0.3,5,barabasi,2,2,-43.91708891373594,293.35927576148606
2011-02-19 15:00:00,0,74.0,-2.0188884067796606,463,5,3,156.12.9.0.68.138,6,156.12.9.0.68,5,barabasi,2,2,-43.91708891373594,293.35927576148606
2011-02-19 15:00:00,0,40.0,-2.0188884067796606,332,5,22,156.12.9.0.6.142,6,156.12.9.0.6,5,barabasi,2,2,-43.91708891373594,293.35927576148606
2011-02-19 15:00:00,0,74.0,0.28856312881355933,282,13,3,156.12.9.0.115.145,6,156.12.9.0.115,5,barabasi,2,2,-43.91708891373594,293.35927576148606
2011-02-19 15:00:00,0,21.2,0.16587527586206893,413,6,21,156.12.9.0.1.148,6,156.12.9.0.1,5,barabasi,2,2,-43.91708891373594,293.35927576148606
2011-02-19 15:00:00,0,74.0,0.2909474716666667,292,9,17,156.12.9.0.13.150,6,156.12.9.0.13,5,barabasi,2,2,-43.91708891373594,293.35927576148606
2011-02-19 15:00:00,0,21.2,-1.0149551666666663,324,17,15,156.12.9.0.3.153,6,156.12.9.0.3,5,barabasi,2,2,-43.91708891373594,293.35927576148606
2011-02-19 15:00:00,0,40.0,-0.6866331017754205,727,15,1,156.12.9.0.41.154,6,156.12.9.0.41,5,barabasi,2,2,-43.91708891373594,293.35927576148606
2011-02-19 15:00:00,0,21.2,-2.8476704775271067,419,12,3,156.12.9.0.115.158,6,156.12.9.0.115,5,barabasi,2,2,-43.91708891373594,293.35927576148606
2011-02-19 15:00:00,0,40.0,-1.8320475593220344,615,12,15,156.12.9.0.3.164,6,156.12.9.0.3,5,barabasi,2,2,-43.91708891373594,293.35927576148606
2011-02-19 15:00:00,0,40.0,-0.06434765000000005,836,14,22,156.12.9.0.6.165,6,156.12.9.0.6,5,barabasi,2,2,-43.91708891373594,293.35927576148606
2011-02-19 15:00:00,0,40.0,0.2005346666666667,365,21,22,156.12.9.0.6.170,6,156.12.9.0.6,5,barabasi,2,2,-43.91708891373594,293.35927576148606
2011-02-19 15:00:00,0,74.0,0.2909474716666667,305,9,15,156.12.9.0.3.175,6,156.12.9.0.3,5,barabasi,2,2,-43.91708891373594,293.35927576148606
2011-02-19 15:00:00,0,74.0,0.32305731833333334,560,2,22,156.12.9.0.6.177,6,156.12.9.0.6,5,barabasi,2,2,-43.91708891373594,293.35927576148606
2011-02-19 15:00:00,0,74.0,-0.06434765000000005,829,14,22,156.12.9.0.6.180,6,156.12.9.0.6,5,barabasi,2,2,-43.91708891373594,293.35927576148606
2011-02-19 15:00:00,0,74.0,0.2080941533333333,406,1,8,156.12.9.0.2.181,6,156.12.9.0.2,5,barabasi,2,2,-43.91708891373594,293.35927576148606
2011-02-19 15:00:00,0,74.0,-0.06434765000000005,377,14,1,156.12.9.0.41.183,6,156.12.9.0.41,5,barabasi,2,2,-43.91708891373594,293.35927576148606
2011-02-19 15:00:00,0,40.0,0.3490342166666667,674,4,15,156.12.9.0.3.195,6,156.12.9.0.3,5,barabasi,2,2,-43.91708891373594,293.35927576148606
2011-02-19 15:00:00,0,74.0,0.2080941533333333,497,1,15,156.12.9.0.3.198,6,156.12.9.0.3,5,barabasi,2,2,-43.91708891373594,293.35927576148606
2011-02-19 15:00:00,0,21.2,-15.259830395675335,835,21,20,156.12.9.0.1,5,156.12.9.0,4,barabasi,2,2,-43.91708891373594,293.35927576148606
2011-02-19 15:00:00,0,21.2,-1.8746154178077683,692,8,20,156.12.9.0.2,5,156.12.9.0,4,barabasi,2,2,-43.91708891373594,293.35927576148606
2011-02-19 15:00:00,0,74.0,-13.203699078721058,323,15,20,156.12.9.0.3,5,156.12.9.0,4,barabasi,2,2,-43.91708891373594,293.35927576148606
2011-02-19 15:00:00,0,74.0,0.6625857264506143,808,22,20,156.12.9.0.6,5,156.12.9.0,4,barabasi,2,2,-43.91708891373594,293.35927576148606
2011-02-19 15:00:00,0,21.2,-0.38153335593220333,523,3,20,156.12.9.0.10,5,156.12.9.0,4,barabasi,2,2,-43.91708891373594,293.35927576148606
2011-02-19 15:00:00,0,74.0,-2.5725762191602124,493,17,20,156.12.9.0.13,5,156.12.9.0,4,barabasi,2,2,-43.91708891373594,293.35927576148606
2011-02-19 15:00:00,0,21.2,0.1826754347768155,1191,9,20,156.12.9.0.21,5,156.12.9.0,4,barabasi,2,2,-43.91708891373594,293.35927576148606
2011-02-19 15:00:00,0,21.2,0.448268830297087,841,10,1,156.12.9.22.38,5,156.12.9.22,4,barabasi,2,2,-43.91708891373594,293.35927576148606
2011-02-19 15:00:00,0,40.0,-0.9020391759209427,550,1,20,156.12.9.0.41,5,156.12.9.0,4,barabasi,2,2,-43.91708891373594,293.35927576148606
2011-02-19 15:00:00,0,21.2,-2.4013996065186562,625,3,20,156.12.9.0.68,5,156.12.9.0,4,barabasi,2,2,-43.91708891373594,293.35927576148606
2011-02-19 15:00:00,0,40.0,-0.13147613333333333,541,20,20,156.12.9.0.71,5,156.12.9.0,4,barabasi,2,2,-43.91708891373594,293.35927576148606
2011-02-19 15:00:00,0,74.0,-3.0173662015628846,766,3,20,156.12.9.0.115,5,156.12.9.0,4,barabasi,2,2,-43.91708891373594,293.35927576148606
2011-02-19 15:00:00,0,21.2,0.2909474716666667,169,9,20,156.12.9.0.174,5,156.12.9.0,4,barabasi,2,2,-43.91708891373594,293.35927576148606
2011-02-19 15:00:00,0,21.2,-39.5050642999131,400,20,19,156.12.9.0,4,156.12.9,3,barabasi,2,2,-43.91708891373594,293.35927576148606
2011-02-19 15:00:00,0,40.0,0.6557480879913776,878,1,19,156.12.9.22,4,156.12.9,3,barabasi,2,2,-43.91708891373594,293.35927576148606
2011-02-19 15:00:00,0,21.2,0.2518739833333334,714,22,19,156.12.9.155,4,156.12.9,3,barabasi,2,2,-43.91708891373594,293.35927576148606
2011-02-19 15:00:00,0,40.0,-41.108172406445334,764,19,3,156.12.9,3,156.12,2,barabasi,2,2,-43.91708891373594,293.35927576148606
2011-02-19 15:00:00,0,21.2,-43.40810620490396,60,3,11,156.12,2,156,1,barabasi,2,2,-43.91708891373594,293.35927576148606
