datetime,overflow,cap,load,dist,origen_id,dest_id,origen_tag,len_origen_tag,dest_tag,len_dest_tag,modelo,criterion,degree,total_balance,abs_flux
2011-02-28 11:00:00,0,40.0,1.5649370833333331,779,23,1,50.38.73.1.68.98,6,50.38.73.1.68,5,barabasi,4,6,107.8588242131494,908.0506407360674
2011-02-28 11:00:00,0,21.2,1.9262681666666668,200,14,11,50.38.131.39.96.119,6,50.38.131.39.96,5,barabasi,4,6,107.8588242131494,908.0506407360674
2011-02-28 11:00:00,0,40.0,2.274184318333333,715,1,16,50.38.108.7.103.155,6,50.38.108.7.103,5,barabasi,4,6,107.8588242131494,908.0506407360674
2011-02-28 11:00:00,0,74.0,2.2351293583333334,373,16,18,50.38.73.1.16.158,6,50.38.73.1.16,5,barabasi,4,6,107.8588242131494,908.0506407360674
2011-02-28 11:00:00,0,40.0,2.2351293583333334,372,16,2,50.38.73.1.30.168,6,50.38.73.1.30,5,barabasi,4,6,107.8588242131494,908.0506407360674
2011-02-28 11:00:00,0,74.0,2.236100051666667,324,10,10,50.4.2.8.81.180,6,50.4.2.8.81,5,barabasi,4,6,107.8588242131494,908.0506407360674
2011-02-28 11:00:00,0,40.0,2.236100051666667,778,10,17,50.38.108.7.13,5,50.38.108.7,4,barabasi,4,6,107.8588242131494,908.0506407360674
2011-02-28 11:00:00,0,74.0,4.041964801085841,789,18,20,50.38.73.1.16,5,50.38.73.1,4,barabasi,4,6,107.8588242131494,908.0506407360674
2011-02-28 11:00:00,0,74.0,4.497232562529579,374,2,20,50.38.73.1.30,5,50.38.73.1,4,barabasi,4,6,107.8588242131494,908.0506407360674
2011-02-28 11:00:00,0,21.2,2.146235863333333,62,9,20,50.38.73.1.36,5,50.38.73.1,4,barabasi,4,6,107.8588242131494,908.0506407360674
2011-02-28 11:00:00,0,40.0,2.31913516,745,7,5,50.38.15.5.41,5,50.38.15.5,4,barabasi,4,6,107.8588242131494,908.0506407360674
2011-02-28 11:00:00,0,21.2,1.0595910833333337,34,17,20,50.38.73.1.43,5,50.38.73.1,4,barabasi,4,6,107.8588242131494,908.0506407360674
2011-02-28 11:00:00,0,21.2,2.224066017953333,1022,15,17,50.38.108.7.47,5,50.38.108.7,4,barabasi,4,6,107.8588242131494,908.0506407360674
2011-02-28 11:00:00,0,40.0,1.0595910833333337,569,17,5,50.38.12.10.52,5,50.38.12.10,4,barabasi,4,6,107.8588242131494,908.0506407360674
2011-02-28 11:00:00,0,40.0,2.146235863333333,570,9,20,50.38.73.1.53,5,50.38.73.1,4,barabasi,4,6,107.8588242131494,908.0506407360674
2011-02-28 11:00:00,0,40.0,1.5649370833333331,520,23,17,50.38.108.7.54,5,50.38.108.7,4,barabasi,4,6,107.8588242131494,908.0506407360674
2011-02-28 11:00:00,0,74.0,1.9262681666666668,591,14,5,50.38.15.5.57,5,50.38.15.5,4,barabasi,4,6,107.8588242131494,908.0506407360674
2011-02-28 11:00:00,0,74.0,2.2648646583333334,656,2,15,50.38.15.31.58,5,50.38.15.31,4,barabasi,4,6,107.8588242131494,908.0506407360674
2011-02-28 11:00:00,0,21.2,1.0595910833333337,487,17,8,50.38.15.49.59,5,50.38.15.49,4,barabasi,4,6,107.8588242131494,908.0506407360674
2011-02-28 11:00:00,0,40.0,2.0874797833333334,200,5,4,50.4.2.3.63,5,50.4.2.3,4,barabasi,4,6,107.8588242131494,908.0506407360674
2011-02-28 11:00:00,0,74.0,2.31913516,578,7,5,50.4.0.17.64,5,50.4.0.17,4,barabasi,4,6,107.8588242131494,908.0506407360674
2011-02-28 11:00:00,0,40.0,3.836286612331456,256,1,20,50.38.73.1.68,5,50.38.73.1,4,barabasi,4,6,107.8588242131494,908.0506407360674
2011-02-28 11:00:00,0,74.0,2.2836060916666665,344,22,4,50.4.2.3.70,5,50.4.2.3,4,barabasi,4,6,107.8588242131494,908.0506407360674
2011-02-28 11:00:00,0,74.0,1.5649370833333331,265,23,5,50.4.0.17.74,5,50.4.0.17,4,barabasi,4,6,107.8588242131494,908.0506407360674
2011-02-28 11:00:00,0,21.2,1.9262681666666668,505,14,4,50.4.2.3.77,5,50.4.2.3,4,barabasi,4,6,107.8588242131494,908.0506407360674
2011-02-28 11:00:00,0,40.0,1.9262681666666668,374,14,4,50.4.2.3.79,5,50.4.2.3,4,barabasi,4,6,107.8588242131494,908.0506407360674
2011-02-28 11:00:00,0,40.0,2.224066017953333,364,15,5,50.38.131.39.83,5,50.38.131.39,4,barabasi,4,6,107.8588242131494,908.0506407360674
2011-02-28 11:00:00,0,21.2,1.5649370833333331,99,23,5,50.38.15.5.84,5,50.38.15.5,4,barabasi,4,6,107.8588242131494,908.0506407360674
2011-02-28 11:00:00,0,40.0,2.224066017953333,614,15,18,50.38.15.23.88,5,50.38.15.23,4,barabasi,4,6,107.8588242131494,908.0506407360674
2011-02-28 11:00:00,0,74.0,2.2836060916666665,389,22,20,50.38.73.1.89,5,50.38.73.1,4,barabasi,4,6,107.8588242131494,908.0506407360674
2011-02-28 11:00:00,0,40.0,1.773672366666667,671,20,20,50.38.73.1.94,5,50.38.73.1,4,barabasi,4,6,107.8588242131494,908.0506407360674
2011-02-28 11:00:00,0,74.0,4.096164868879026,514,11,5,50.38.131.39.96,5,50.38.131.39,4,barabasi,4,6,107.8588242131494,908.0506407360674
2011-02-28 11:00:00,0,21.2,1.0595910833333337,788,17,5,50.4.0.17.97,5,50.4.0.17,4,barabasi,4,6,107.8588242131494,908.0506407360674
2011-02-28 11:00:00,0,21.2,1.77307815,60,19,4,50.4.2.3.101,5,50.4.2.3,4,barabasi,4,6,107.8588242131494,908.0506407360674
2011-02-28 11:00:00,0,74.0,4.503818939395152,986,16,17,50.38.108.7.103,5,50.38.108.7,4,barabasi,4,6,107.8588242131494,908.0506407360674
2011-02-28 11:00:00,0,21.2,2.307248195,556,13,20,50.38.73.1.105,5,50.38.73.1,4,barabasi,4,6,107.8588242131494,908.0506407360674
2011-02-28 11:00:00,0,21.2,0.2168462833333333,898,21,15,50.4.2.6.107,5,50.4.2.6,4,barabasi,4,6,107.8588242131494,908.0506407360674
2011-02-28 11:00:00,0,74.0,2.1324398500000004,593,6,5,50.4.0.17.113,5,50.4.0.17,4,barabasi,4,6,107.8588242131494,908.0506407360674
2011-02-28 11:00:00,0,21.2,2.2836060916666665,566,22,20,50.38.73.1.115,5,50.38.73.1,4,barabasi,4,6,107.8588242131494,908.0506407360674
2011-02-28 11:00:00,0,40.0,2.1324398500000004,825,6,18,50.4.0.25.132,5,50.4.0.25,4,barabasi,4,6,107.8588242131494,908.0506407360674
2011-02-28 11:00:00,0,74.0,0.9269487333333336,85,3,23,50.40.19.32.133,5,50.40.19.32,4,barabasi,4,6,107.8588242131494,908.0506407360674
2011-02-28 11:00:00,0,40.0,2.236100051666667,876,10,20,50.38.73.1.137,5,50.38.73.1,4,barabasi,4,6,107.8588242131494,908.0506407360674
2011-02-28 11:00:00,0,21.2,2.2836060916666665,986,22,15,50.4.2.6.138,5,50.4.2.6,4,barabasi,4,6,107.8588242131494,908.0506407360674
2011-02-28 11:00:00,0,74.0,2.31913516,242,7,17,50.38.108.7.141,5,50.38.108.7,4,barabasi,4,6,107.8588242131494,908.0506407360674
2011-02-28 11:00:00,0,21.2,1.9262681666666668,561,14,18,50.38.15.23.146,5,50.38.15.23,4,barabasi,4,6,107.8588242131494,908.0506407360674
2011-02-28 11:00:00,0,21.2,2.1725968766666663,924,11,9,50.38.182.20.148,5,50.38.182.20,4,barabasi,4,6,107.8588242131494,908.0506407360674
2011-02-28 11:00:00,0,21.2,1.9262681666666668,976,14,17,50.38.108.7.150,5,50.38.108.7,4,barabasi,4,6,107.8588242131494,908.0506407360674
2011-02-28 11:00:00,0,21.2,2.2836060916666665,383,22,20,50.38.73.1.153,5,50.38.73.1,4,barabasi,4,6,107.8588242131494,908.0506407360674
2011-02-28 11:00:00,0,40.0,0.9269487333333336,258,3,17,50.38.108.7.161,5,50.38.108.7,4,barabasi,4,6,107.8588242131494,908.0506407360674
2011-02-28 11:00:00,0,74.0,2.274184318333333,1017,1,15,50.4.2.6.166,5,50.4.2.6,4,barabasi,4,6,107.8588242131494,908.0506407360674
2011-02-28 11:00:00,0,40.0,2.307248195,373,13,17,50.38.108.7.167,5,50.38.108.7,4,barabasi,4,6,107.8588242131494,908.0506407360674
2011-02-28 11:00:00,0,21.2,1.71438575,193,12,5,50.38.12.10.174,5,50.38.12.10,4,barabasi,4,6,107.8588242131494,908.0506407360674
2011-02-28 11:00:00,0,74.0,1.5649370833333331,126,23,20,50.38.73.1.179,5,50.38.73.1,4,barabasi,4,6,107.8588242131494,908.0506407360674
2011-02-28 11:00:00,0,74.0,2.31913516,734,7,20,50.38.73.1.184,5,50.38.73.1,4,barabasi,4,6,107.8588242131494,908.0506407360674
2011-02-28 11:00:00,0,21.2,2.1725968766666663,426,11,5,50.38.15.5.185,5,50.38.15.5,4,barabasi,4,6,107.8588242131494,908.0506407360674
2011-02-28 11:00:00,0,74.0,2.3443546,526,4,18,50.38.15.23.186,5,50.38.15.23,4,barabasi,4,6,107.8588242131494,908.0506407360674
2011-02-28 11:00:00,0,40.0,2.2648646583333334,685,2,20,50.38.73.1.187,5,50.38.73.1,4,barabasi,4,6,107.8588242131494,908.0506407360674
2011-02-28 11:00:00,0,74.0,1.71438575,560,12,5,50.38.15.5.189,5,50.38.15.5,4,barabasi,4,6,107.8588242131494,908.0506407360674
2011-02-28 11:00:00,0,40.0,2.224066017953333,604,15,15,50.38.15.31.190,5,50.38.15.31,4,barabasi,4,6,107.8588242131494,908.0506407360674
2011-02-28 11:00:00,0,21.2,2.2351293583333334,805,16,5,50.4.0.17.191,5,50.4.0.17,4,barabasi,4,6,107.8588242131494,908.0506407360674
2011-02-28 11:00:00,0,74.0,2.3443546,665,4,17,50.38.108.7.196,5,50.38.108.7,4,barabasi,4,6,107.8588242131494,908.0506407360674
2011-02-28 11:00:00,0,74.0,1.0595910833333337,531,17,18,50.38.15.130.197,5,50.38.15.130,4,barabasi,4,6,107.8588242131494,908.0506407360674
2011-02-28 11:00:00,0,40.0,1.0595910833333337,546,17,10,50.40.9.175.199,5,50.40.9.175,4,barabasi,4,6,107.8588242131494,908.0506407360674
2011-02-28 11:00:00,0,74.0,2.1787299000000004,189,8,5,50.4.2.8.21,5,50.4.2.8,4,barabasi,4,6,107.8588242131494,908.0506407360674
2011-02-28 11:00:00,0,74.0,0.9269487333333336,177,3,5,50.4.2.8.24,5,50.4.2.8,4,barabasi,4,6,107.8588242131494,908.0506407360674
2011-02-28 11:00:00,0,40.0,4.471360660078759,147,10,5,50.4.2.8.81,5,50.4.2.8,4,barabasi,4,6,107.8588242131494,908.0506407360674
2011-02-28 11:00:00,0,74.0,2.274184318333333,620,1,5,50.4.2.8.154,5,50.4.2.8,4,barabasi,4,6,107.8588242131494,908.0506407360674
2011-02-28 11:00:00,0,40.0,2.3443546,165,4,4,50.4.2.45.122,5,50.4.2.45,4,barabasi,4,6,107.8588242131494,908.0506407360674
2011-02-28 11:00:00,0,74.0,2.274184318333333,194,1,11,50.4.2.66.136,5,50.4.2.66,4,barabasi,4,6,107.8588242131494,908.0506407360674
2011-02-28 11:00:00,0,21.2,1.9262681666666668,471,14,23,50.4.2.37.194,5,50.4.2.37,4,barabasi,4,6,107.8588242131494,908.0506407360674
2011-02-28 11:00:00,0,74.0,2.3443546,1017,4,7,50.4.2.56.106,5,50.4.2.56,4,barabasi,4,6,107.8588242131494,908.0506407360674
2011-02-28 11:00:00,0,21.2,2.224066017953333,219,15,23,50.4.2.37.128,5,50.4.2.37,4,barabasi,4,6,107.8588242131494,908.0506407360674
2011-02-28 11:00:00,0,74.0,2.3443546,677,4,4,50.4.2.45.60,5,50.4.2.45,4,barabasi,4,6,107.8588242131494,908.0506407360674
2011-02-28 11:00:00,0,40.0,2.236100051666667,858,10,11,50.4.2.29.165,5,50.4.2.29,4,barabasi,4,6,107.8588242131494,908.0506407360674
2011-02-28 11:00:00,0,21.2,1.807801,269,18,18,50.4.2.139.143,5,50.4.2.139,4,barabasi,4,6,107.8588242131494,908.0506407360674
2011-02-28 11:00:00,0,40.0,1.71438575,625,12,9,50.38.12.42.69,5,50.38.12.42,4,barabasi,4,6,107.8588242131494,908.0506407360674
2011-02-28 11:00:00,0,40.0,38.74981963222515,709,20,12,50.38.73.1,4,50.38.73,3,barabasi,4,6,107.8588242131494,908.0506407360674
2011-02-28 11:00:00,0,74.0,12.329264139683437,266,4,10,50.4.2.3,4,50.4.2,3,barabasi,4,6,107.8588242131494,908.0506407360674
2011-02-28 11:00:00,0,74.0,11.76866128769878,666,5,19,50.38.15.5,4,50.38.15,3,barabasi,4,6,107.8588242131494,908.0506407360674
2011-02-28 11:00:00,0,40.0,6.977114759468513,491,15,10,50.4.2.6,4,50.4.2,3,barabasi,4,6,107.8588242131494,908.0506407360674
2011-02-28 11:00:00,0,74.0,21.357013184063057,359,17,13,50.38.108.7,4,50.38.108,3,barabasi,4,6,107.8588242131494,908.0506407360674
2011-02-28 11:00:00,0,40.0,4.858443404482902,140,5,18,50.38.12.10,4,50.38.12,3,barabasi,4,6,107.8588242131494,908.0506407360674
2011-02-28 11:00:00,0,40.0,2.146235863333333,502,9,11,50.38.82.14,4,50.38.82,3,barabasi,4,6,107.8588242131494,908.0506407360674
2011-02-28 11:00:00,0,40.0,11.37751603838987,541,5,7,50.4.0.17,4,50.4.0,3,barabasi,4,6,107.8588242131494,908.0506407360674
2011-02-28 11:00:00,0,74.0,4.302963409452496,251,9,12,50.38.182.20,4,50.38.182,3,barabasi,4,6,107.8588242131494,908.0506407360674
2011-02-28 11:00:00,0,21.2,8.288904974224739,209,18,19,50.38.15.23,4,50.38.15,3,barabasi,4,6,107.8588242131494,908.0506407360674
2011-02-28 11:00:00,0,74.0,3.9346664632463906,457,18,7,50.4.0.25,4,50.4.0,3,barabasi,4,6,107.8588242131494,908.0506407360674
2011-02-28 11:00:00,0,21.2,0.2168462833333333,501,21,12,50.38.73.26,4,50.38.73,3,barabasi,4,6,107.8588242131494,908.0506407360674
2011-02-28 11:00:00,0,40.0,6.706813697475523,669,15,19,50.38.15.31,4,50.38.15,3,barabasi,4,6,107.8588242131494,908.0506407360674
2011-02-28 11:00:00,0,40.0,2.4918479729112915,198,23,21,50.40.19.32,4,50.92.19,3,barabasi,4,6,107.8588242131494,908.0506407360674
2011-02-28 11:00:00,0,74.0,2.307248195,158,13,19,50.38.131.34,4,50.38.131,3,barabasi,4,6,107.8588242131494,908.0506407360674
2011-02-28 11:00:00,0,74.0,8.400566578432539,572,5,19,50.38.131.39,4,50.38.131,3,barabasi,4,6,107.8588242131494,908.0506407360674
2011-02-28 11:00:00,0,21.2,0.9269487333333336,132,3,2,50.40.9.46,4,50.40.9,3,barabasi,4,6,107.8588242131494,908.0506407360674
2011-02-28 11:00:00,0,40.0,1.0595910833333337,308,17,13,50.38.108.48,4,50.38.108,3,barabasi,4,6,107.8588242131494,908.0506407360674
2011-02-28 11:00:00,0,74.0,3.236331529412877,716,8,19,50.38.15.49,4,50.38.15,3,barabasi,4,6,107.8588242131494,908.0506407360674
2011-02-28 11:00:00,0,40.0,2.274184318333333,314,1,19,50.38.15.55,4,50.38.15,3,barabasi,4,6,107.8588242131494,908.0506407360674
2011-02-28 11:00:00,0,21.2,2.2836060916666665,625,22,21,50.92.19.62,4,50.92.19,3,barabasi,4,6,107.8588242131494,908.0506407360674
2011-02-28 11:00:00,0,21.2,0.9269487333333336,341,3,17,50.38.90.67,4,50.38.90,3,barabasi,4,6,107.8588242131494,908.0506407360674
2011-02-28 11:00:00,0,74.0,2.274184318333333,1093,1,5,50.4.33.71,4,50.4.33,3,barabasi,4,6,107.8588242131494,908.0506407360674
2011-02-28 11:00:00,0,40.0,1.9262681666666668,954,14,7,50.4.0.78,4,50.4.0,3,barabasi,4,6,107.8588242131494,908.0506407360674
2011-02-28 11:00:00,0,74.0,1.807801,836,18,19,50.38.15.85,4,50.38.15,3,barabasi,4,6,107.8588242131494,908.0506407360674
2011-02-28 11:00:00,0,74.0,2.3443546,294,4,22,50.92.28.93,4,50.92.28,3,barabasi,4,6,107.8588242131494,908.0506407360674
2011-02-28 11:00:00,0,21.2,2.274184318333333,460,1,11,50.38.82.99,4,50.38.82,3,barabasi,4,6,107.8588242131494,908.0506407360674
2011-02-28 11:00:00,0,74.0,1.77307815,1067,19,7,50.4.0.104,4,50.4.0,3,barabasi,4,6,107.8588242131494,908.0506407360674
2011-02-28 11:00:00,0,74.0,2.1725968766666663,246,11,22,50.92.28.110,4,50.92.28,3,barabasi,4,6,107.8588242131494,908.0506407360674
2011-02-28 11:00:00,0,74.0,1.71438575,690,12,6,50.40.18.111,4,50.40.18,3,barabasi,4,6,107.8588242131494,908.0506407360674
2011-02-28 11:00:00,0,74.0,2.1725968766666663,261,11,21,50.92.19.112,4,50.92.19,3,barabasi,4,6,107.8588242131494,908.0506407360674
2011-02-28 11:00:00,0,74.0,1.9262681666666668,226,14,1,50.4.22.114,4,50.4.22,3,barabasi,4,6,107.8588242131494,908.0506407360674
2011-02-28 11:00:00,0,21.2,1.5649370833333331,912,23,19,50.38.15.116,4,50.38.15,3,barabasi,4,6,107.8588242131494,908.0506407360674
2011-02-28 11:00:00,0,40.0,1.5649370833333331,447,23,6,50.40.18.117,4,50.40.18,3,barabasi,4,6,107.8588242131494,908.0506407360674
2011-02-28 11:00:00,0,21.2,2.0874797833333334,227,5,8,50.4.95.118,4,50.4.95,3,barabasi,4,6,107.8588242131494,908.0506407360674
2011-02-28 11:00:00,0,74.0,0.9269487333333336,207,3,11,50.38.82.124,4,50.38.82,3,barabasi,4,6,107.8588242131494,908.0506407360674
2011-02-28 11:00:00,0,74.0,2.307248195,553,13,1,50.38.72.125,4,50.38.72,3,barabasi,4,6,107.8588242131494,908.0506407360674
2011-02-28 11:00:00,0,21.2,2.1725968766666663,236,11,2,50.4.11.127,4,50.4.11,3,barabasi,4,6,107.8588242131494,908.0506407360674
2011-02-28 11:00:00,0,40.0,2.8670831711897047,473,18,19,50.38.15.130,4,50.38.15,3,barabasi,4,6,107.8588242131494,908.0506407360674
2011-02-28 11:00:00,0,40.0,2.274184318333333,763,1,7,50.4.0.134,4,50.4.0,3,barabasi,4,6,107.8588242131494,908.0506407360674
2011-02-28 11:00:00,0,74.0,2.2351293583333334,621,16,7,50.4.0.144,4,50.4.0,3,barabasi,4,6,107.8588242131494,908.0506407360674
2011-02-28 11:00:00,0,21.2,2.1725968766666663,477,11,11,50.38.82.145,4,50.38.82,3,barabasi,4,6,107.8588242131494,908.0506407360674
2011-02-28 11:00:00,0,21.2,2.1787299000000004,160,8,12,50.38.73.147,4,50.38.73,3,barabasi,4,6,107.8588242131494,908.0506407360674
2011-02-28 11:00:00,0,74.0,2.2648646583333334,200,2,2,50.40.9.149,4,50.40.9,3,barabasi,4,6,107.8588242131494,908.0506407360674
2011-02-28 11:00:00,0,74.0,2.1787299000000004,406,8,19,50.38.15.151,4,50.38.15,3,barabasi,4,6,107.8588242131494,908.0506407360674
2011-02-28 11:00:00,0,21.2,1.9262681666666668,280,14,13,50.4.135.159,4,50.4.135,3,barabasi,4,6,107.8588242131494,908.0506407360674
2011-02-28 11:00:00,0,74.0,2.307248195,64,13,16,50.40.86.162,4,50.40.86,3,barabasi,4,6,107.8588242131494,908.0506407360674
2011-02-28 11:00:00,0,74.0,2.1787299000000004,824,8,5,50.4.33.163,4,50.4.33,3,barabasi,4,6,107.8588242131494,908.0506407360674
2011-02-28 11:00:00,0,40.0,1.773672366666667,402,20,2,50.4.11.164,4,50.4.11,3,barabasi,4,6,107.8588242131494,908.0506407360674
2011-02-28 11:00:00,0,21.2,1.71438575,70,12,19,50.38.15.169,4,50.38.15,3,barabasi,4,6,107.8588242131494,908.0506407360674
2011-02-28 11:00:00,0,74.0,1.773672366666667,294,20,21,50.4.126.171,4,50.4.126,3,barabasi,4,6,107.8588242131494,908.0506407360674
2011-02-28 11:00:00,0,74.0,3.2947802599603366,286,10,2,50.40.9.175,4,50.40.9,3,barabasi,4,6,107.8588242131494,908.0506407360674
2011-02-28 11:00:00,0,74.0,1.71438575,325,12,2,50.4.11.177,4,50.4.11,3,barabasi,4,6,107.8588242131494,908.0506407360674
2011-02-28 11:00:00,0,74.0,2.31913516,632,7,6,50.40.18.178,4,50.40.18,3,barabasi,4,6,107.8588242131494,908.0506407360674
2011-02-28 11:00:00,0,74.0,1.9262681666666668,107,14,7,50.4.0.181,4,50.4.0,3,barabasi,4,6,107.8588242131494,908.0506407360674
2011-02-28 11:00:00,0,21.2,1.9262681666666668,662,14,19,50.38.131.188,4,50.38.131,3,barabasi,4,6,107.8588242131494,908.0506407360674
2011-02-28 11:00:00,0,74.0,2.2648646583333334,430,2,22,50.92.28.192,4,50.92.28,3,barabasi,4,6,107.8588242131494,908.0506407360674
2011-02-28 11:00:00,0,40.0,2.307248195,416,13,17,50.38.90.193,4,50.38.90,3,barabasi,4,6,107.8588242131494,908.0506407360674
2011-02-28 11:00:00,0,40.0,2.31913516,325,7,1,50.4.22.195,4,50.4.22,3,barabasi,4,6,107.8588242131494,908.0506407360674
2011-02-28 11:00:00,0,74.0,2.31913516,227,7,19,50.38.15.198,4,50.38.15,3,barabasi,4,6,107.8588242131494,908.0506407360674
2011-02-28 11:00:00,0,21.2,11.932131163695663,406,5,10,50.4.2.8,4,50.4.2,3,barabasi,4,6,107.8588242131494,908.0506407360674
2011-02-28 11:00:00,0,74.0,2.146235863333333,561,9,10,50.4.2.27,4,50.4.2,3,barabasi,4,6,107.8588242131494,908.0506407360674
2011-02-28 11:00:00,0,74.0,4.660593540802997,663,7,10,50.4.2.56,4,50.4.2,3,barabasi,4,6,107.8588242131494,908.0506407360674
2011-02-28 11:00:00,0,40.0,0.9269487333333336,814,3,10,50.4.2.152,4,50.4.2,3,barabasi,4,6,107.8588242131494,908.0506407360674
2011-02-28 11:00:00,0,21.2,5.704970800243048,130,23,10,50.4.2.37,4,50.4.2,3,barabasi,4,6,107.8588242131494,908.0506407360674
2011-02-28 11:00:00,0,74.0,2.31913516,153,7,10,50.4.2.109,4,50.4.2,3,barabasi,4,6,107.8588242131494,908.0506407360674
2011-02-28 11:00:00,0,74.0,7.029788361865683,271,4,10,50.4.2.45,4,50.4.2,3,barabasi,4,6,107.8588242131494,908.0506407360674
2011-02-28 11:00:00,0,74.0,4.446261298467197,122,11,10,50.4.2.66,4,50.4.2,3,barabasi,4,6,107.8588242131494,908.0506407360674
2011-02-28 11:00:00,0,40.0,1.807801,194,18,10,50.4.2.176,4,50.4.2,3,barabasi,4,6,107.8588242131494,908.0506407360674
2011-02-28 11:00:00,0,40.0,2.1787299000000004,619,8,10,50.4.2.183,4,50.4.2,3,barabasi,4,6,107.8588242131494,908.0506407360674
2011-02-28 11:00:00,0,40.0,2.3443546,767,4,10,50.4.2.75,4,50.4.2,3,barabasi,4,6,107.8588242131494,908.0506407360674
2011-02-28 11:00:00,0,40.0,4.402322234663996,438,11,10,50.4.2.29,4,50.4.2,3,barabasi,4,6,107.8588242131494,908.0506407360674
2011-02-28 11:00:00,0,74.0,2.274184318333333,784,1,10,50.4.2.35,4,50.4.2,3,barabasi,4,6,107.8588242131494,908.0506407360674
2011-02-28 11:00:00,0,40.0,2.1725968766666663,282,11,10,50.4.2.44,4,50.4.2,3,barabasi,4,6,107.8588242131494,908.0506407360674
2011-02-28 11:00:00,0,40.0,2.0874797833333334,407,5,10,50.4.2.76,4,50.4.2,3,barabasi,4,6,107.8588242131494,908.0506407360674
2011-02-28 11:00:00,0,40.0,2.1787299000000004,394,8,10,50.4.2.80,4,50.4.2,3,barabasi,4,6,107.8588242131494,908.0506407360674
2011-02-28 11:00:00,0,21.2,2.224066017953333,407,15,10,50.4.2.87,4,50.4.2,3,barabasi,4,6,107.8588242131494,908.0506407360674
2011-02-28 11:00:00,0,21.2,1.5649370833333331,146,23,10,50.4.2.121,4,50.4.2,3,barabasi,4,6,107.8588242131494,908.0506407360674
2011-02-28 11:00:00,0,40.0,1.5649370833333331,56,23,10,50.4.2.129,4,50.4.2,3,barabasi,4,6,107.8588242131494,908.0506407360674
2011-02-28 11:00:00,0,21.2,3.6124032385169587,301,18,10,50.4.2.139,4,50.4.2,3,barabasi,4,6,107.8588242131494,908.0506407360674
2011-02-28 11:00:00,0,74.0,1.773672366666667,713,20,10,50.4.2.140,4,50.4.2,3,barabasi,4,6,107.8588242131494,908.0506407360674
2011-02-28 11:00:00,0,40.0,3.857892090808892,629,9,18,50.38.12.42,4,50.38.12,3,barabasi,4,6,107.8588242131494,908.0506407360674
2011-02-28 11:00:00,0,40.0,1.77307815,598,19,18,50.38.12.142,4,50.38.12,3,barabasi,4,6,107.8588242131494,908.0506407360674
2011-02-28 11:00:00,0,21.2,1.5649370833333331,672,23,18,50.38.12.65,4,50.38.12,3,barabasi,4,6,107.8588242131494,908.0506407360674
2011-02-28 11:00:00,0,74.0,2.2648646583333334,560,2,18,50.38.12.91,4,50.38.12,3,barabasi,4,6,107.8588242131494,908.0506407360674
2011-02-28 11:00:00,0,21.2,1.0595910833333337,771,17,18,50.38.12.100,4,50.38.12,3,barabasi,4,6,107.8588242131494,908.0506407360674
2011-02-28 11:00:00,0,74.0,1.77307815,314,19,18,50.38.12.102,4,50.38.12,3,barabasi,4,6,107.8588242131494,908.0506407360674
2011-02-28 11:00:00,0,21.2,2.2351293583333334,357,16,18,50.38.12.120,4,50.38.12,3,barabasi,4,6,107.8588242131494,908.0506407360674
2011-02-28 11:00:00,0,74.0,2.2648646583333334,130,2,18,50.38.12.123,4,50.38.12,3,barabasi,4,6,107.8588242131494,908.0506407360674
2011-02-28 11:00:00,0,21.2,2.31913516,405,7,18,50.38.12.156,4,50.38.12,3,barabasi,4,6,107.8588242131494,908.0506407360674
2011-02-28 11:00:00,0,74.0,1.0595910833333337,901,17,18,50.38.12.172,4,50.38.12,3,barabasi,4,6,107.8588242131494,908.0506407360674
2011-02-28 11:00:00,0,40.0,27.643845452445927,53,7,10,50.4.0,3,50.4,2,barabasi,4,6,107.8588242131494,908.0506407360674
2011-02-28 11:00:00,0,74.0,8.74890530905965,407,2,6,50.40.9,3,50.40,2,barabasi,4,6,107.8588242131494,908.0506407360674
2011-02-28 11:00:00,0,40.0,7.919092338399633,508,2,10,50.4.11,3,50.4,2,barabasi,4,6,107.8588242131494,908.0506407360674
2011-02-28 11:00:00,1,40.0,46.331289005898796,1113,19,5,50.38.15,3,50.38,2,barabasi,4,6,107.8588242131494,908.0506407360674
2011-02-28 11:00:00,0,40.0,7.726459082451017,358,6,6,50.40.18,3,50.40,2,barabasi,4,6,107.8588242131494,908.0506407360674
2011-02-28 11:00:00,0,74.0,7.150572967355661,503,21,20,50.92.19,3,50.92,2,barabasi,4,6,107.8588242131494,908.0506407360674
2011-02-28 11:00:00,0,40.0,6.516555811417519,350,1,10,50.4.22,3,50.4,2,barabasi,4,6,107.8588242131494,908.0506407360674
2011-02-28 11:00:00,0,40.0,9.062840380413956,198,22,20,50.92.28,3,50.92,2,barabasi,4,6,107.8588242131494,908.0506407360674
2011-02-28 11:00:00,0,74.0,6.53543815467456,1121,5,10,50.4.33,3,50.4,2,barabasi,4,6,107.8588242131494,908.0506407360674
2011-02-28 11:00:00,0,40.0,2.1787299000000004,245,8,10,50.4.61,3,50.4,2,barabasi,4,6,107.8588242131494,908.0506407360674
2011-02-28 11:00:00,0,74.0,4.579907134796509,847,1,5,50.38.72,3,50.38,2,barabasi,4,6,107.8588242131494,908.0506407360674
2011-02-28 11:00:00,1,21.2,41.27504640412276,319,12,5,50.38.73,3,50.38,2,barabasi,4,6,107.8588242131494,908.0506407360674
2011-02-28 11:00:00,0,40.0,9.672185859351796,881,11,5,50.38.82,3,50.38,2,barabasi,4,6,107.8588242131494,908.0506407360674
2011-02-28 11:00:00,0,40.0,4.542201017661802,492,16,6,50.40.86,3,50.40,2,barabasi,4,6,107.8588242131494,908.0506407360674
2011-02-28 11:00:00,0,21.2,4.28943134800058,617,17,5,50.38.90,3,50.38,2,barabasi,4,6,107.8588242131494,908.0506407360674
2011-02-28 11:00:00,0,40.0,24.638491076895317,429,13,5,50.38.108,3,50.38,2,barabasi,4,6,107.8588242131494,908.0506407360674
2011-02-28 11:00:00,0,74.0,14.37687176620948,942,19,5,50.38.131,3,50.38,2,barabasi,4,6,107.8588242131494,908.0506407360674
2011-02-28 11:00:00,0,40.0,4.229736117430638,832,13,10,50.4.135,3,50.4,2,barabasi,4,6,107.8588242131494,908.0506407360674
2011-02-28 11:00:00,0,74.0,2.2836060916666665,141,22,8,50.51.157,3,50.51,2,barabasi,4,6,107.8588242131494,908.0506407360674
2011-02-28 11:00:00,0,40.0,0.9269487333333336,48,3,20,50.92.160,3,50.92,2,barabasi,4,6,107.8588242131494,908.0506407360674
2011-02-28 11:00:00,0,40.0,2.307248195,880,13,20,50.92.170,3,50.92,2,barabasi,4,6,107.8588242131494,908.0506407360674
2011-02-28 11:00:00,0,21.2,1.77307815,1014,19,10,50.4.173,3,50.4,2,barabasi,4,6,107.8588242131494,908.0506407360674
2011-02-28 11:00:00,0,40.0,6.014941068435016,693,12,5,50.38.182,3,50.38,2,barabasi,4,6,107.8588242131494,908.0506407360674
2011-02-28 11:00:00,1,74.0,90.53615282396862,778,10,10,50.4.2,3,50.4,2,barabasi,4,6,107.8588242131494,908.0506407360674
2011-02-28 11:00:00,1,21.2,26.7903691872209,718,18,5,50.38.12,3,50.38,2,barabasi,4,6,107.8588242131494,908.0506407360674
2011-02-28 11:00:00,0,74.0,4.262610543278511,623,8,10,50.4.95,3,50.4,2,barabasi,4,6,107.8588242131494,908.0506407360674
2011-02-28 11:00:00,0,40.0,1.9900394045477974,647,21,10,50.4.126,3,50.4,2,barabasi,4,6,107.8588242131494,908.0506407360674
2011-02-28 11:00:00,1,21.2,136.87816372795683,676,10,9,50.4,2,50,1,barabasi,4,6,107.8588242131494,908.0506407360674
2011-02-28 11:00:00,1,40.0,143.019311490809,63,5,9,50.38,2,50,1,barabasi,4,6,107.8588242131494,908.0506407360674
2011-02-28 11:00:00,1,21.2,23.0870233887624,496,6,9,50.40,2,50,1,barabasi,4,6,107.8588242131494,908.0506407360674
2011-02-28 11:00:00,0,40.0,21.1767692985895,282,20,9,50.92,2,50,1,barabasi,4,6,107.8588242131494,908.0506407360674
2011-02-28 11:00:00,0,21.2,4.461954991322054,992,8,9,50.51,2,50,1,barabasi,4,6,107.8588242131494,908.0506407360674
